<?xml version="1.0" encoding="utf-8"?>
<COLLADA xmlns="http://www.collada.org/2005/11/COLLADASchema" version="1.4.1">
<asset>
	<contributor>
		<author>Anonymous</author>
		<authoring_tool>Collada Exporter for Blender 2.6+, by Juan Linietsky (juan@codenix.com)</authoring_tool>
	</contributor>
	<created>2020-02-01T12:35:41Z</created>
	<modified>2020-02-01T12:35:41Z</modified>
	<unit meter="1.0" name="meter"/>
	<up_axis>Z_UP</up_axis>
</asset>
<library_visual_scenes>
	<visual_scene id="id-scene-1" name="scene">
		<node id="Eleven" name="Eleven" type="NODE">
			<matrix sid="transform"> 1.0 0.0 0.0 0.0 0.0 1.0 0.0 0.0 0.0 0.0 1.0 0.0 0.0 0.0 0.0 1.0  </matrix>
			<node id="id-bone-3" sid="id-skelbones-2-0" name="Root" type="JOINT">
				<matrix sid="transform"> -1.0 0.0 0.0 0.0 0.0 -1.0 0.0 0.0 0.0 0.0 1.0 0.0 0.0 0.0 0.0 1.0  </matrix>
				<node id="id-bone-4" sid="id-skelbones-2-1" name="Body" type="JOINT">
					<matrix sid="transform"> 1.0 0.0 0.0 -1.3909037477333186e-07 0.0 1.0 0.0 -0.045861244201660156 0.0 0.0 1.0 4.87893009185791 0.0 0.0 0.0 1.0  </matrix>
					<node id="id-bone-5" sid="id-skelbones-2-2" name="Hip" type="JOINT">
						<matrix sid="transform"> 1.0 1.9088548152074516e-14 -1.509957741063772e-07 0.0 -1.509957741063772e-07 1.9470718370939721e-07 -1.0 -1.7881393432617188e-07 1.0311412334607691e-14 1.0 1.9470718370939721e-07 0.0 0.0 0.0 0.0 1.0  </matrix>
						<node id="id-bone-6" sid="id-skelbones-2-3" name="Hip.L" type="JOINT">
							<matrix sid="transform"> 0.05762019753456116 -0.9907305836677551 -0.12301722168922424 -4.3143081067311545e-15 -0.9983367919921875 -0.056944359093904495 -0.009005799889564514 -8.929585071371093e-09 0.0019171983003616333 0.12333155423402786 -0.992363691329956 1.8627822839789587e-07 0.0 0.0 0.0 1.0  </matrix>
							<node id="id-bone-7" sid="id-skelbones-2-4" name="LegTwist.L" type="JOINT">
								<matrix sid="transform"> -0.0017318599857389927 0.999157726764679 0.04100137576460838 1.280568540096283e-08 0.12312382459640503 0.04090253636240959 -0.9915480613708496 0.4110671579837799 -0.9923899173736572 0.0033310255967080593 -0.12309093773365021 -7.450580596923828e-09 0.0 0.0 0.0 1.0  </matrix>
								<node id="id-bone-8" sid="id-skelbones-2-5" name="Knee.L" type="JOINT">
									<matrix sid="transform"> -1.4291068737293244e-06 -0.9999933242797852 0.0036550818476825953 -2.022582769393921 0.016638491302728653 -0.0036546001210808754 -0.9998548626899719 2.3400516510009766 0.9998615980148315 5.938686081208289e-05 0.016638385131955147 -0.004570613615214825 0.0 0.0 0.0 1.0  </matrix>
								</node>
							</node>
							<node id="id-bone-9" sid="id-skelbones-2-6" name="UpperLeg.L" type="JOINT">
								<matrix sid="transform"> -0.04299791902303696 0.9990440607070923 0.007882189005613327 1.280568540096283e-08 0.9914554357528687 0.04169612005352974 0.12360222637653351 0.4110671579837799 0.1231553927063942 0.013129476457834244 -0.9923005700111389 -7.450580596923828e-09 0.0 0.0 0.0 1.0  </matrix>
								<node id="id-bone-10" sid="id-skelbones-2-7" name="DIR_Knee.L" type="JOINT">
									<matrix sid="transform"> -0.9998927712440491 1.970477751456201e-05 -0.014640471898019314 -1.3391399988904595e-08 0.014640331268310547 0.005971288774162531 -0.9998749494552612 2.347473621368408 6.77201896905899e-05 -0.9999821782112122 -0.005970935337245464 -1.1368683772161603e-09 0.0 0.0 0.0 1.0  </matrix>
								</node>
								<node id="id-bone-11" sid="id-skelbones-2-8" name="BendLeg.L" type="JOINT">
									<matrix sid="transform"> -0.9998927712440491 1.9704762962646782e-05 -0.01464047096669674 -1.3391399988904595e-08 0.014640330336987972 0.005971288308501244 -0.9998749494552612 2.347473621368408 6.772019696654752e-05 -0.9999818801879883 -0.005970936734229326 -1.1368683772161603e-09 0.0 0.0 0.0 1.0  </matrix>
								</node>
								<node id="id-bone-12" sid="id-skelbones-2-9" name="LowerLeg.L" type="JOINT">
									<matrix sid="transform"> 0.9999903440475464 -0.0043788934126496315 5.041549593443051e-05 -1.3391399988904595e-08 0.004378981422632933 0.9997678995132446 -0.02109111286699772 2.347473621368408 4.195535075268708e-05 0.02109113149344921 0.9997774958610535 -1.1368683772161603e-09 0.0 0.0 0.0 1.0  </matrix>
								</node>
							</node>
						</node>
						<node id="id-bone-13" sid="id-skelbones-2-10" name="Hip.R" type="JOINT">
							<matrix sid="transform"> 0.057620298117399216 0.9907304644584656 0.12301687896251678 2.781807495466637e-07 0.9983367919921875 -0.05694444477558136 -0.009005874395370483 -8.929585071371093e-09 -0.0019172504544258118 0.1233312115073204 -0.9923637509346008 1.8627819997618644e-07 0.0 0.0 0.0 1.0  </matrix>
							<node id="id-bone-14" sid="id-skelbones-2-11" name="LegTwist.R" type="JOINT">
								<matrix sid="transform"> 0.001731454860419035 -0.9991576075553894 0.04100137576460838 1.820444595068693e-08 0.12312112748622894 0.04090249165892601 0.9915483593940735 0.4110671877861023 -0.9923900961875916 0.003331320360302925 0.12308824062347412 -1.862645149230957e-08 0.0 0.0 0.0 1.0  </matrix>
								<node id="id-bone-15" sid="id-skelbones-2-12" name="Knee.R" type="JOINT">
									<matrix sid="transform"> -1.298661459259165e-06 -0.9999932646751404 0.0036551249213516712 -2.022582530975342 -0.01663866452872753 -0.003654597559943795 -0.9998547434806824 2.3400516510009766 0.9998614192008972 -6.211482104845345e-05 -0.01663854718208313 0.004565349314361811 0.0 0.0 0.0 1.0  </matrix>
								</node>
							</node>
							<node id="id-bone-16" sid="id-skelbones-2-13" name="UpperLeg.R" type="JOINT">
								<matrix sid="transform"> -0.04299791902303696 -0.9990440011024475 -0.007882199250161648 1.820444595068693e-08 -0.9914554953575134 0.04169613495469093 0.1236019879579544 0.4110671877861023 -0.12315516173839569 0.013129478320479393 -0.9923006892204285 -1.862645149230957e-08 0.0 0.0 0.0 1.0  </matrix>
								<node id="id-bone-17" sid="id-skelbones-2-14" name="BendLeg.R" type="JOINT">
									<matrix sid="transform"> -0.9998928904533386 -1.970477751456201e-05 0.014640471898019314 5.512924872164149e-08 -0.014640332199633121 0.005971288774162531 -0.999875009059906 2.347473382949829 -6.772020424250513e-05 -0.9999819397926331 -0.005970937665551901 6.706613930873573e-09 0.0 0.0 0.0 1.0  </matrix>
								</node>
								<node id="id-bone-18" sid="id-skelbones-2-15" name="DIR_Knee.R" type="JOINT">
									<matrix sid="transform"> -0.9998928904533386 -1.9704793885466643e-05 0.014640472829341888 5.512924872164149e-08 -0.014640333130955696 0.005971289239823818 -0.999875009059906 2.347473382949829 -6.772020424250513e-05 -0.9999822378158569 -0.005970936268568039 6.706613930873573e-09 0.0 0.0 0.0 1.0  </matrix>
								</node>
								<node id="id-bone-19" sid="id-skelbones-2-16" name="LowerLeg.R" type="JOINT">
									<matrix sid="transform"> 0.9999904036521912 0.004378892946988344 -5.063080971012823e-05 5.512924872164149e-08 -0.00437898701056838 0.9997679591178894 -0.021091114729642868 2.347473382949829 -4.1740080632735044e-05 0.02109113149344921 0.9997775554656982 6.706613930873573e-09 0.0 0.0 0.0 1.0  </matrix>
								</node>
							</node>
						</node>
					</node>
					<node id="id-bone-20" sid="id-skelbones-2-17" name="Torso" type="JOINT">
						<matrix sid="transform"> 1.0 -6.6002361555513294e-15 8.742277657347586e-08 0.0 8.742277657347586e-08 7.549790126404332e-08 -1.0 -1.1920928955078125e-07 0.0 1.0 7.549790126404332e-08 0.8728241920471191 0.0 0.0 0.0 1.0  </matrix>
						<node id="id-bone-21" sid="id-skelbones-2-18" name="Chest" type="JOINT">
							<matrix sid="transform"> 1.0 9.41058009296114e-10 -2.384135200372839e-07 1.425163560497822e-07 1.6253632884044578e-09 0.9999420642852783 0.0107643511146307 1.2345962524414062 2.3840982521505794e-07 -0.0107643511146307 0.9999420642852783 0.04530976340174675 0.0 0.0 0.0 1.0  </matrix>
							<node id="id-bone-22" sid="id-skelbones-2-19" name="STAY_Neck" type="JOINT">
								<matrix sid="transform"> 0.999151885509491 2.7986240525024186e-07 -0.04117633402347565 2.6645352591003757e-15 -0.002349686808884144 0.998370885848999 -0.05700882151722908 0.9033228754997253 0.04110924154520035 0.05705723166465759 0.9975241422653198 -1.1102230246251565e-15 0.0 0.0 0.0 1.0  </matrix>
								<node id="id-bone-23" sid="id-skelbones-2-20" name="Neck" type="JOINT">
									<matrix sid="transform"> 0.999151885509491 -6.418218845283263e-09 0.041176583617925644 -5.015277082520697e-11 6.2193494798634674e-09 0.9999998807907104 2.8269053764518048e-14 -2.0116567611694336e-07 -0.041176583617925644 2.666640241955065e-10 0.9991517663002014 -2.2685510359110594e-08 0.0 0.0 0.0 1.0  </matrix>
									<node id="id-bone-24" sid="id-skelbones-2-21" name="STAY_Head" type="JOINT">
										<matrix sid="transform"> 0.999151885509491 -2.2423622958456235e-09 -0.04117659479379654 2.9665159217984183e-13 2.1708217445848277e-09 1.0 -3.4527705139453246e-09 0.6413114666938782 0.04117659851908684 3.7253156115468755e-09 0.999151885509491 7.450597472313802e-09 0.0 0.0 0.0 1.0  </matrix>
										<node id="id-bone-25" sid="id-skelbones-2-22" name="Head" type="JOINT">
											<matrix sid="transform"> 0.9991524815559387 -0.001306807855144143 0.041140761226415634 1.6743229025451e-10 8.174177992259501e-07 0.9994964599609375 0.031728461384773254 -2.0768489150668756e-07 -0.04116151109337807 -0.03170154243707657 0.9986492991447449 -2.2219671436118915e-08 0.0 0.0 0.0 1.0  </matrix>
											<node id="id-bone-26" sid="id-skelbones-2-23" name="STAY_Eyes" type="JOINT">
												<matrix sid="transform"> 1.0 -1.4642859014202259e-07 1.6102248991956003e-05 -4.585608985507861e-05 -8.850750532474194e-08 0.9998935461044312 0.014589294791221619 0.7813724875450134 -1.6102670997497626e-05 -0.014589295722544193 0.9998935461044312 -3.0478687286376953 0.0 0.0 0.0 1.0  </matrix>
											</node>
											<node id="id-bone-27" sid="id-skelbones-2-24" name="Eye.L" type="JOINT">
												<matrix sid="transform"> -0.9999999403953552 -8.753616566536948e-05 0.0004026023088954389 -0.34042441844940186 -0.00040141891804523766 -0.013122699223458767 -0.9999138116836548 0.8164535164833069 9.281184611609206e-05 -0.9999139904975891 0.01312265731394291 -0.650015652179718 0.0 0.0 0.0 1.0  </matrix>
											</node>
											<node id="id-bone-28" sid="id-skelbones-2-25" name="Eye.R" type="JOINT">
												<matrix sid="transform"> -0.9999999403953552 5.763001536251977e-05 -0.0004023418005090207 0.3404046297073364 0.0004015509330201894 -0.013122699223458767 -0.9999138116836548 0.8164535164833069 -6.290486635407433e-05 -0.9999139904975891 0.013122671283781528 -0.6500259041786194 0.0 0.0 0.0 1.0  </matrix>
											</node>
											<node id="id-bone-29" sid="id-skelbones-2-26" name="Jaw" type="JOINT">
												<matrix sid="transform"> -2.5727729735081084e-05 -1.2278558642719872e-05 -0.9999999403953552 -3.0613941817136947e-06 0.8206565976142883 -0.5714213848114014 -1.4036893844604492e-05 0.22129179537296295 -0.5714213848114014 -0.8206567764282227 2.4765729904174805e-05 -0.19301365315914154 0.0 0.0 0.0 1.0  </matrix>
												<node id="id-bone-30" sid="id-skelbones-2-27" name="Tongue_Base" type="JOINT">
													<matrix sid="transform"> 1.7194714018842205e-05 0.6119659543037415 -0.7908840775489807 -0.17583408951759338 -7.3348310536403e-08 0.7908840775489807 0.6119659543037415 -0.02756660431623459 1.0 -1.0460796147526708e-05 1.3660295735462569e-05 2.9181437639635988e-06 0.0 0.0 0.0 1.0  </matrix>
													<node id="id-bone-31" sid="id-skelbones-2-28" name="Tongue_Mid" type="JOINT">
														<matrix sid="transform"> 1.0 1.8041124150158794e-15 7.0929293549681915e-09 6.217248937900877e-15 2.84036572040236e-10 0.9991979002952576 -0.04004501551389694 0.2621418237686157 -7.087240128100802e-09 0.04004502296447754 0.9991979002952576 -6.156042218208313e-07 0.0 0.0 0.0 1.0  </matrix>
														<node id="id-bone-32" sid="id-skelbones-2-29" name="Tongue_Tip" type="JOINT">
															<matrix sid="transform"> 1.0 7.147060721024445e-16 2.3645345681444496e-09 -1.1102230246251565e-14 2.90126145330305e-10 0.9924439191818237 -0.12269911170005798 0.32209938764572144 -2.346665084473898e-09 0.12269911170005798 0.992443859577179 -5.587935447692871e-07 0.0 0.0 0.0 1.0  </matrix>
															<node id="id-bone-33" sid="id-skelbones-2-30" name="Tongue_Tip_Hook" type="JOINT">
																<matrix sid="transform"> 0.9999999403953552 -4.669777341507683e-17 -1.9033313591876322e-08 0.0 1.894167667160218e-08 -0.09801069647073746 0.9951853156089783 0.2652772068977356 -1.865461340955221e-09 -0.9951853156089783 -0.09801069647073746 -9.238719940185547e-07 0.0 0.0 0.0 1.0  </matrix>
															</node>
														</node>
														<node id="id-bone-34" sid="id-skelbones-2-31" name="Tongue_Mid_Hook" type="JOINT">
															<matrix sid="transform"> 1.0 -8.029321768555052e-16 -1.9265064210571836e-08 -1.1102230246251565e-14 1.9259122296944042e-08 0.02483823336660862 0.9996914863586426 0.32209938764572144 4.785102314386336e-10 -0.9996914863586426 0.02483823522925377 -5.587935447692871e-07 0.0 0.0 0.0 1.0  </matrix>
														</node>
													</node>
													<node id="id-bone-35" sid="id-skelbones-2-32" name="Tongue_Base_Hook" type="JOINT">
														<matrix sid="transform"> 1.0 3.6273000120039256e-16 -1.908888691559696e-08 6.217248937900877e-15 1.9048709276603404e-08 0.06485098600387573 0.9978949427604675 0.2621418237686157 1.2379332003931154e-09 -0.9978949427604675 0.06485099345445633 -6.156042218208313e-07 0.0 0.0 0.0 1.0  </matrix>
													</node>
												</node>
												<node id="id-bone-36" sid="id-skelbones-2-33" name="LowerTeeth" type="JOINT">
													<matrix sid="transform"> -1.7252896213904023e-05 -0.8289056420326233 0.5593880414962769 0.2417297065258026 -5.850836259924108e-08 0.5593879222869873 0.8289057612419128 0.6206986308097839 -0.9999998211860657 1.4275065950641874e-05 -9.705600859888364e-06 -4.223374617140507e-06 0.0 0.0 0.0 1.0  </matrix>
												</node>
											</node>
											<node id="id-bone-37" sid="id-skelbones-2-34" name="UpperTeeth" type="JOINT">
												<matrix sid="transform"> -1.0 -1.4644110990502668e-07 -1.4931878467905335e-05 -1.2759825949615333e-05 7.141566271684496e-08 0.9998934268951416 -0.014588997699320316 0.2051045298576355 1.4932425983715802e-05 -0.014588995836675167 -0.9998935461044312 -0.839309573173523 0.0 0.0 0.0 1.0  </matrix>
											</node>
											<node id="id-bone-38" sid="id-skelbones-2-35" name="Mouth" type="JOINT">
												<matrix sid="transform"> 1.0 -1.5003824046289083e-05 -1.3989193803354283e-07 -2.025373214564752e-05 -7.901871867943555e-08 -0.014589312486350536 0.9998935461044312 0.04923885315656662 -1.5004267879703548e-05 -0.9998935461044312 -0.014589313417673111 -1.338005542755127 0.0 0.0 0.0 1.0  </matrix>
												<node id="id-bone-39" sid="id-skelbones-2-36" name="Corner.L" type="JOINT">
													<matrix sid="transform"> 1.0 -6.077248785282785e-20 2.3305801732931286e-12 -0.3659999966621399 -4.4050221060689787e-16 1.0 8.881784197001252e-16 5.124788149402093e-09 -2.3305814743357356e-12 -1.7048721820309934e-18 1.0 3.187061281550996e-08 0.0 0.0 0.0 1.0  </matrix>
												</node>
												<node id="id-bone-40" sid="id-skelbones-2-37" name="Corner.R" type="JOINT">
													<matrix sid="transform"> 1.0 -6.077248785282785e-20 2.3305801732931286e-12 0.3659999966621399 -4.4050221060689787e-16 1.0 8.881784197001252e-16 9.057375294219128e-09 -2.3305814743357356e-12 -1.7048721820309934e-18 1.0 3.207028953511326e-08 0.0 0.0 0.0 1.0  </matrix>
												</node>
											</node>
											<node id="id-bone-41" sid="id-skelbones-2-38" name="Nose" type="JOINT">
												<matrix sid="transform"> 1.0 -1.5003828593762591e-05 -1.3988838531986403e-07 -2.241730544483289e-05 -7.902053056341174e-08 -0.014589193277060986 0.9998935461044312 0.3751474916934967 -1.5004272427177057e-05 -0.9998935461044312 -0.01458919420838356 -1.4837757349014282 0.0 0.0 0.0 1.0  </matrix>
											</node>
											<node id="id-bone-42" sid="id-skelbones-2-39" name="Eyebrow" type="JOINT">
												<matrix sid="transform"> 1.0 -1.5003832231741399e-05 -1.3989108538225992e-07 -2.221184695372358e-05 -7.901963527956468e-08 -0.014589312486350536 0.9998935461044312 1.2263786792755127 -1.5004276065155864e-05 -0.9998935461044312 -0.014589313417673111 -1.4741934537887573 0.0 0.0 0.0 1.0  </matrix>
											</node>
											<node id="id-bone-43" sid="id-skelbones-2-40" name="Eyebrow.L" type="JOINT">
												<matrix sid="transform"> 1.0 -1.5053738934511784e-05 -1.3989119906909764e-07 -0.5700200796127319 -7.974722393555567e-08 -0.014589312486350536 0.9998935461044312 1.228508710861206 -1.5054177310958039e-05 -0.9998935461044312 -0.014589313417673111 -1.328200340270996 0.0 0.0 0.0 1.0  </matrix>
											</node>
											<node id="id-bone-44" sid="id-skelbones-2-41" name="Eyebrow.R" type="JOINT">
												<matrix sid="transform"> 1.0 -1.485031043557683e-05 -1.398896642967884e-07 0.5699772834777832 -7.67813688185015e-08 -0.014589312486350536 0.9998935461044312 1.3226215839385986 -1.4850771549390629e-05 -0.9998935461044312 -0.014589313417673111 -1.5069198608398438 0.0 0.0 0.0 1.0  </matrix>
											</node>
										</node>
									</node>
									<node id="id-bone-45" sid="id-skelbones-2-42" name="RESET_Head" type="JOINT">
										<matrix sid="transform"> 0.999151885509491 -3.533446868431156e-09 -0.04117659851908684 2.9665159217984183e-13 3.4513902846811106e-09 1.0 -3.4527714021237443e-09 0.6413114666938782 0.041176602244377136 3.725315167457666e-09 0.999151885509491 7.450597472313802e-09 0.0 0.0 0.0 1.0  </matrix>
									</node>
								</node>
							</node>
							<node id="id-bone-46" sid="id-skelbones-2-43" name="Shoulder.L" type="JOINT">
								<matrix sid="transform"> -0.25578513741493225 -0.9583942890167236 0.12670643627643585 -0.15487854182720184 0.01038165483623743 0.1283358931541443 0.9916765689849854 0.6262038350105286 -0.9666779637336731 0.25497156381607056 -0.02287672460079193 -0.07569108158349991 0.0 0.0 0.0 1.0  </matrix>
								<node id="id-bone-47" sid="id-skelbones-2-44" name="STAY_Arm.L" type="JOINT">
									<matrix sid="transform"> -0.9726253151893616 0.232331782579422 -0.004681359976530075 2.028536982834339e-08 0.23042461276054382 0.9616426229476929 -0.14882202446460724 0.5054385662078857 -0.03007427416741848 -0.14582675695419312 -0.988852858543396 3.1478703022003174e-07 0.0 0.0 0.0 1.0  </matrix>
									<node id="id-bone-48" sid="id-skelbones-2-45" name="UpperArm.L" type="JOINT">
										<matrix sid="transform"> 1.0000001192092896 1.6998455976136029e-09 -1.3522356312023476e-05 4.656612873077393e-10 -2.8298927645664662e-09 1.000000238418579 -2.0099832909181714e-10 2.9336661100387573e-08 1.352238905383274e-05 -1.8521291167417075e-09 1.0000001192092896 8.835468179313466e-08 0.0 0.0 0.0 1.0  </matrix>
										<node id="id-bone-49" sid="id-skelbones-2-46" name="ForeArm.L" type="JOINT">
											<matrix sid="transform"> 0.9974736571311951 -0.06455960124731064 0.029639601707458496 -1.4202669262886047e-08 0.06436089426279068 0.9978978037834167 0.007610888220369816 1.3096387386322021 -0.030068643391132355 -0.0056840283796191216 0.9995317459106445 2.4308064894285053e-07 0.0 0.0 0.0 1.0  </matrix>
											<node id="id-bone-50" sid="id-skelbones-2-47" name="Hand.L" type="JOINT">
												<matrix sid="transform"> 0.998736560344696 0.040850721299648285 -0.029264196753501892 3.725290298461914e-08 -0.04048941284418106 0.9990976452827454 0.012834683991968632 1.498595952987671 0.02976210042834282 -0.011633581481873989 0.9994891285896301 -1.855660229921341e-07 0.0 0.0 0.0 1.0  </matrix>
											</node>
											<node id="id-bone-51" sid="id-skelbones-2-48" name="FIX_ForeArm.L" type="JOINT">
												<matrix sid="transform"> 0.9974740147590637 0.06436054408550262 -0.030055122449994087 3.129243850708008e-07 -0.0645591989159584 0.9978976845741272 -0.005685631185770035 -6.030313670635223e-07 0.02962600812315941 0.007611600682139397 0.9995318651199341 1.3550743460655212e-07 0.0 0.0 0.0 1.0  </matrix>
											</node>
										</node>
										<node id="id-bone-52" sid="id-skelbones-2-49" name="FIX_UpperArm.L" type="JOINT">
											<matrix sid="transform"> 1.0000001192092896 7.54425855120644e-10 1.3603916158899665e-05 1.0780058801174164e-07 -3.39787220582366e-09 1.000000238418579 2.5210056264768355e-10 9.173527359962463e-08 -1.3603937986772507e-05 -3.376499080331996e-10 1.0000001192092896 3.525738065945916e-07 0.0 0.0 0.0 1.0  </matrix>
										</node>
									</node>
									<node id="id-bone-53" sid="id-skelbones-2-50" name="IK_UpperArm.L" type="JOINT">
										<matrix sid="transform"> 1.0000001192092896 1.6998455976136029e-09 -1.3522356312023476e-05 4.656612873077393e-10 -2.8298927645664662e-09 1.000000238418579 -2.0099832909181714e-10 2.9336661100387573e-08 1.352238905383274e-05 -1.8521291167417075e-09 1.0000001192092896 8.835468179313466e-08 0.0 0.0 0.0 1.0  </matrix>
										<node id="id-bone-54" sid="id-skelbones-2-51" name="IK_ForeArm.L" type="JOINT">
											<matrix sid="transform"> 0.9974736571311951 -0.06455960124731064 0.029639601707458496 -1.4202669262886047e-08 0.06436089426279068 0.9978978037834167 0.007610888220369816 1.3096387386322021 -0.030068643391132355 -0.0056840283796191216 0.9995317459106445 2.4308064894285053e-07 0.0 0.0 0.0 1.0  </matrix>
										</node>
										<node id="id-bone-55" sid="id-skelbones-2-52" name="DIR_Elbow.L" type="JOINT">
											<matrix sid="transform"> -0.024134932085871696 0.9997090697288513 0.00039816490607336164 -1.4202669262886047e-08 0.9995371699333191 0.02413817308843136 -0.018528945744037628 1.3096387386322021 -0.01853315904736519 -4.9214326281799003e-05 -0.9998282790184021 2.4308064894285053e-07 0.0 0.0 0.0 1.0  </matrix>
										</node>
									</node>
									<node id="id-bone-56" sid="id-skelbones-2-53" name="ArmTwist.L" type="JOINT">
										<matrix sid="transform"> 0.9990402460098267 -0.03446982800960541 0.027029842138290405 4.656612873077393e-10 0.03437490016222 0.999401330947876 0.003968982491642237 2.9336661100387573e-08 -0.027150459587574005 -0.0030360245145857334 0.999626874923706 8.835468179313466e-08 0.0 0.0 0.0 1.0  </matrix>
										<node id="id-bone-57" sid="id-skelbones-2-54" name="Elbow.L" type="JOINT">
											<matrix sid="transform"> 0.01075074914842844 0.999579906463623 0.02692013792693615 2.044177770614624 0.9998265504837036 -0.010336058214306831 -0.015496543608605862 1.288182258605957 -0.01521178986877203 0.027082065120339394 -0.9995176196098328 0.05936069041490555 0.0 0.0 0.0 1.0  </matrix>
										</node>
									</node>
									<node id="id-bone-58" sid="id-skelbones-2-55" name="BD_UpperArm.L" type="JOINT">
										<matrix sid="transform"> 1.0000001192092896 1.6998455976136029e-09 -1.3522356312023476e-05 4.656612873077393e-10 -2.8298927645664662e-09 1.000000238418579 -2.0099832909181714e-10 2.9336661100387573e-08 1.352238905383274e-05 -1.8521291167417075e-09 1.0000001192092896 8.835468179313466e-08 0.0 0.0 0.0 1.0  </matrix>
										<node id="id-bone-59" sid="id-skelbones-2-56" name="DEF_Hand.L" type="JOINT">
											<matrix sid="transform"> 0.9995461702346802 -0.024098439142107964 0.018083829432725906 -0.09674877673387527 0.023754965513944626 0.999538004398346 0.018973564729094505 2.805084228515625 -0.018532685935497284 -0.018535373732447624 0.9996564984321594 -0.008517966605722904 0.0 0.0 0.0 1.0  </matrix>
											<node id="id-bone-60" sid="id-skelbones-2-57" name="DRV_Fing1.L" type="JOINT">
												<matrix sid="transform"> 0.9446336627006531 -0.3276056945323944 -0.018486006185412407 -0.10156121104955673 0.3276616632938385 0.9447951316833496 -2.5327319690404693e-06 0.5114301443099976 0.017466315999627113 -0.006054762750864029 0.9998290538787842 -0.32847434282302856 0.0 0.0 0.0 1.0  </matrix>
											</node>
											<node id="id-bone-61" sid="id-skelbones-2-58" name="FIX_Fing1.L" type="JOINT">
												<matrix sid="transform"> 0.9446336030960083 -0.3276056945323944 -0.018488092347979546 -0.10156121104955673 0.3276616632938385 0.9447951316833496 -3.256369609516696e-06 0.5114301443099976 0.01746852695941925 -0.006054763216525316 0.9998290538787842 -0.32847434282302856 0.0 0.0 0.0 1.0  </matrix>
											</node>
											<node id="id-bone-62" sid="id-skelbones-2-59" name="FIX_Fing3.L" type="JOINT">
												<matrix sid="transform"> 0.9454188346862793 0.3253326117992401 -0.018488606438040733 0.11409994959831238 -0.32538819313049316 0.9455804824829102 -2.4461189696012298e-06 0.5114380121231079 0.017481669783592224 0.006018289364874363 0.9998290538787842 -0.324486643075943 0.0 0.0 0.0 1.0  </matrix>
											</node>
											<node id="id-bone-63" sid="id-skelbones-2-60" name="FIX_Thumb.L" type="JOINT">
												<matrix sid="transform"> 0.233023002743721 -0.9722954630851746 -0.01848752051591873 -0.1843116283416748 0.9724617600440979 0.23306287825107574 -3.1981617212295532e-06 0.3074271082878113 0.004311860539019108 -0.01797766052186489 0.9998292922973633 -0.33000534772872925 0.0 0.0 0.0 1.0  </matrix>
											</node>
											<node id="id-bone-64" sid="id-skelbones-2-61" name="FIX_Fing2.L" type="JOINT">
												<matrix sid="transform"> 0.9998290538787842 -3.65900996257551e-05 -0.018488425761461258 0.0061179837211966515 3.6543275200529024e-05 1.0 -2.870153139156173e-06 0.5224339962005615 0.018488425761461258 2.1940345504845027e-06 0.9998290538787842 -0.32648327946662903 0.0 0.0 0.0 1.0  </matrix>
											</node>
											<node id="id-bone-65" sid="id-skelbones-2-62" name="FIX_Hand.L" type="JOINT">
												<matrix sid="transform"> 0.9998292922973633 0.01848733238875866 -3.590359483496286e-05 0.006125167943537235 3.585828744689934e-05 2.9365185127971927e-06 1.0 0.32643410563468933 0.01848733238875866 -0.9998291730880737 2.2730964701622725e-06 -0.3264840543270111 0.0 0.0 0.0 1.0  </matrix>
											</node>
											<node id="id-bone-66" sid="id-skelbones-2-63" name="DRV_Hand.L" type="JOINT">
												<matrix sid="transform"> 0.9998292922973633 0.01848733238875866 -3.590359483496286e-05 0.006125167943537235 3.585828744689934e-05 2.9365185127971927e-06 1.0 0.32643410563468933 0.01848733238875866 -0.9998291730880737 2.2730964701622725e-06 -0.3264840543270111 0.0 0.0 0.0 1.0  </matrix>
											</node>
											<node id="id-bone-67" sid="id-skelbones-2-64" name="DRV_Fing2.L" type="JOINT">
												<matrix sid="transform"> 0.9998290538787842 -3.65900996257551e-05 -0.01848621852695942 0.0061179837211966515 3.654328247648664e-05 1.0 -2.8700724215013906e-06 0.5224339962005615 0.01848621852695942 2.1940345504845027e-06 0.9998290538787842 -0.32648327946662903 0.0 0.0 0.0 1.0  </matrix>
											</node>
											<node id="id-bone-68" sid="id-skelbones-2-65" name="DRV_Fing3.L" type="JOINT">
												<matrix sid="transform"> 0.9454188346862793 0.3253325819969177 -0.018486518412828445 0.11409994959831238 -0.32538819313049316 0.9455804824829102 -3.1646343359170714e-06 0.5114380121231079 0.017479462549090385 0.006018288899213076 0.9998290538787842 -0.324486643075943 0.0 0.0 0.0 1.0  </matrix>
											</node>
											<node id="id-bone-69" sid="id-skelbones-2-66" name="DRV_Thumb.L" type="JOINT">
												<matrix sid="transform"> 0.2330230325460434 -0.9722954630851746 -0.018487006425857544 -0.1843116283416748 0.9724617004394531 0.23306289315223694 -1.048669560077542e-06 0.3074271082878113 0.004309651907533407 -0.017977658659219742 0.9998292922973633 -0.33000534772872925 0.0 0.0 0.0 1.0  </matrix>
											</node>
											<node id="id-bone-70" sid="id-skelbones-2-67" name="Thumb_Base.L" type="JOINT">
												<matrix sid="transform"> 0.6352635025978088 -0.6110268235206604 0.472320556640625 -0.28846028447151184 0.7704737782478333 0.5434054136276245 -0.33328771591186523 0.16342681646347046 -0.05301377549767494 0.5756360292434692 0.8159857988357544 0.008406301029026508 0.0 0.0 0.0 1.0  </matrix>
												<node id="id-bone-71" sid="id-skelbones-2-68" name="Thumb_Mid.L" type="JOINT">
													<matrix sid="transform"> 0.37612366676330566 0.18779201805591583 0.9073396921157837 -7.450580596923828e-08 -0.06069542467594147 0.9821365475654602 -0.17811229825019836 0.29843568801879883 -0.9245795607566833 0.011920884251594543 0.38080286979675293 -8.940696716308594e-08 0.0 0.0 0.0 1.0  </matrix>
													<node id="id-bone-72" sid="id-skelbones-2-69" name="Thumb_Tip.L" type="JOINT">
														<matrix sid="transform"> 0.9857386350631714 0.1682833731174469 0.00027669966220855713 1.7881393432617188e-07 -0.16821490228176117 0.9852880835533142 0.030185282230377197 0.2515338659286499 0.004807069897651672 -0.029801294207572937 0.9995443224906921 -5.960464477539063e-08 0.0 0.0 0.0 1.0  </matrix>
													</node>
												</node>
											</node>
											<node id="id-bone-73" sid="id-skelbones-2-70" name="Fing1.L" type="JOINT">
												<matrix sid="transform"> 0.9998351335525513 -0.0031201846431940794 -0.017887473106384277 -0.20903880894184113 0.0031314208172261715 0.9999949336051941 0.0006002021254971623 0.4358251392841339 0.017885515466332436 -0.0006561164045706391 0.9998397827148438 -0.02932109497487545 0.0 0.0 0.0 1.0  </matrix>
												<node id="id-bone-74" sid="id-skelbones-2-71" name="Fing1_Base.L" type="JOINT">
													<matrix sid="transform"> 0.9999999403953552 -1.7359980120090768e-10 -2.0633285657822853e-06 1.210719347000122e-08 -9.129053069045767e-11 0.9999999403953552 -1.0231815394945443e-11 0.23158016800880432 2.063337205981952e-06 -7.776179700158536e-11 0.9999999403953552 -4.143585101701319e-07 0.0 0.0 0.0 1.0  </matrix>
													<node id="id-bone-75" sid="id-skelbones-2-72" name="Fing1_Mid.L" type="JOINT">
														<matrix sid="transform"> 0.9999999403953552 -2.4851942725945264e-10 -2.660272002685815e-09 -8.381903171539307e-09 1.3992007552587893e-10 0.9999999403953552 -1.8189894035458565e-12 0.23158055543899536 2.5917188395396806e-09 -3.581135388230905e-11 0.9999999403953552 -3.956301952712238e-07 0.0 0.0 0.0 1.0  </matrix>
														<node id="id-bone-76" sid="id-skelbones-2-73" name="Fing1_Tip.L" type="JOINT">
															<matrix sid="transform"> 0.9999999403953552 -2.5013946469698567e-10 6.188773113535717e-06 4.190951585769653e-09 1.30569333123276e-10 0.9999999403953552 -7.275957614183426e-12 0.2315814346075058 -6.188901352288667e-06 -8.571987564209849e-11 0.9999999403953552 -5.615002010017633e-07 0.0 0.0 0.0 1.0  </matrix>
														</node>
													</node>
												</node>
											</node>
											<node id="id-bone-77" sid="id-skelbones-2-74" name="Fing2.L" type="JOINT">
												<matrix sid="transform"> 0.9994204640388489 0.028965631499886513 -0.017880843952298164 -0.014901285991072655 -0.02895975112915039 0.9995803833007812 0.0005876573850400746 0.41198036074638367 0.017890365794301033 -6.949183443794027e-05 0.9998399615287781 -0.025772955268621445 0.0 0.0 0.0 1.0  </matrix>
												<node id="id-bone-78" sid="id-skelbones-2-75" name="Fing2_Base.L" type="JOINT">
													<matrix sid="transform"> 1.0 1.4796341929468326e-10 -1.8452010408509523e-06 -5.587935447692871e-09 -1.0477378964424133e-09 1.0 -2.1827872842550278e-11 0.25179535150527954 1.845233782660216e-06 -2.000888343900442e-11 1.0 3.2337993616238236e-08 0.0 0.0 0.0 1.0  </matrix>
													<node id="id-bone-79" sid="id-skelbones-2-76" name="Fing2_Mid.L" type="JOINT">
														<matrix sid="transform"> 1.0 8.902532044885447e-10 1.837455783970654e-06 5.587935447692871e-09 -1.7949162156583043e-09 1.0 -2.546585164964199e-11 0.2517952024936676 -1.8374303181190044e-06 -9.094947017729282e-12 1.0 3.6526034818962216e-07 0.0 0.0 0.0 1.0  </matrix>
														<node id="id-bone-80" sid="id-skelbones-2-77" name="Fing2_Tip.L" type="JOINT">
															<matrix sid="transform"> 1.0 1.432454155292362e-10 -3.6726032703882083e-06 4.6566128730773926e-09 -2.16184048440482e-09 1.0 4.9112713895738125e-11 0.25179624557495117 3.672656021080911e-06 -1.2732925824820995e-11 1.0 1.5098339645192027e-07 0.0 0.0 0.0 1.0  </matrix>
														</node>
													</node>
												</node>
											</node>
											<node id="id-bone-81" sid="id-skelbones-2-78" name="Fing3.L" type="JOINT">
												<matrix sid="transform"> 0.9972673058509827 0.07167982310056686 -0.017887577414512634 0.1556003987789154 -0.07168134301900864 0.9974274039268494 0.0005567230400629342 0.43822240829467773 0.01788146235048771 0.0007270039641298354 0.9998399019241333 -0.022593054920434952 0.0 0.0 0.0 1.0  </matrix>
												<node id="id-bone-82" sid="id-skelbones-2-79" name="Fing3_Base.L" type="JOINT">
													<matrix sid="transform"> 0.9999999403953552 -5.968558980384842e-11 4.174798959866166e-06 -3.725290298461914e-09 2.375912799834623e-09 0.9999999403953552 -4.3655745685100555e-11 0.2125636786222458 -4.174849891569465e-06 5.4569682106375694e-11 0.9999998807907104 -7.57281668484211e-08 0.0 0.0 0.0 1.0  </matrix>
													<node id="id-bone-83" sid="id-skelbones-2-80" name="Fing3_Mid.L" type="JOINT">
														<matrix sid="transform"> 0.9999999403953552 -5.0033577281283215e-09 -4.175501089775935e-06 2.3283064365386963e-09 -1.3108092389302328e-10 0.9999999403953552 -1.0913936421275139e-11 0.2125631868839264 4.175559297436848e-06 2.546585164964199e-11 0.9999998807907104 1.82626536116004e-07 0.0 0.0 0.0 1.0  </matrix>
														<node id="id-bone-84" sid="id-skelbones-2-81" name="Fing3_Tip.L" type="JOINT">
															<matrix sid="transform"> 0.9999999403953552 -6.016875886416528e-11 2.089134795824066e-06 3.67872416973114e-08 1.1231406915612752e-09 0.9999999403953552 3.637978807091713e-12 0.2125631719827652 -2.0890402083750814e-06 5.820766091346741e-11 0.9999998807907104 9.90839907899499e-08 0.0 0.0 0.0 1.0  </matrix>
														</node>
													</node>
												</node>
											</node>
										</node>
										<node id="id-bone-85" sid="id-skelbones-2-82" name="BendArm.L" type="JOINT">
											<matrix sid="transform"> -0.024135077372193336 -0.0003980417095590383 0.9997087121009827 -1.4202669262886047e-08 0.9995372891426086 0.018528224900364876 0.024138303473591805 1.3096387386322021 -0.018532436341047287 0.9998282790184021 -4.932657247991301e-05 2.4308064894285053e-07 0.0 0.0 0.0 1.0  </matrix>
										</node>
									</node>
								</node>
								<node id="id-bone-86" sid="id-skelbones-2-83" name="RESET_Arm.L" type="JOINT">
									<matrix sid="transform"> -0.9726253151893616 0.232331782579422 -0.004681359976530075 2.028536982834339e-08 0.23042461276054382 0.9616426229476929 -0.14882202446460724 0.5054385662078857 -0.03007427416741848 -0.14582675695419312 -0.988852858543396 3.1478703022003174e-07 0.0 0.0 0.0 1.0  </matrix>
								</node>
							</node>
							<node id="id-bone-87" sid="id-skelbones-2-84" name="Shoulder.R" type="JOINT">
								<matrix sid="transform"> -0.2557848393917084 0.958394467830658 -0.12670645117759705 0.15487851202487946 -0.01038159430027008 0.1283358484506607 0.9916764497756958 0.6262038350105286 0.9666779637336731 0.2549712061882019 -0.022876694798469543 -0.07569112628698349 0.0 0.0 0.0 1.0  </matrix>
								<node id="id-bone-88" sid="id-skelbones-2-85" name="STAY_Arm.R" type="JOINT">
									<matrix sid="transform"> -0.9726253151893616 -0.2323317676782608 0.004681358113884926 -5.238689482212067e-09 -0.2304246425628662 0.9616426229476929 -0.14882202446460724 0.5054384469985962 0.03007427416741848 -0.14582675695419312 -0.988852858543396 3.5390257835388184e-07 0.0 0.0 0.0 1.0  </matrix>
									<node id="id-bone-89" sid="id-skelbones-2-86" name="UpperArm.R" type="JOINT">
										<matrix sid="transform"> 1.0000001192092896 4.37012204201892e-10 1.3536940969061106e-05 1.6298145055770874e-09 -2.0600054995156825e-10 1.000000238418579 -2.056026460195426e-09 8.638016879558563e-08 -1.3536955520976335e-05 1.2511804925452452e-09 1.0000001192092896 5.433503247331828e-07 0.0 0.0 0.0 1.0  </matrix>
										<node id="id-bone-90" sid="id-skelbones-2-87" name="ForeArm.R" type="JOINT">
											<matrix sid="transform"> 0.9974735379219055 0.06455960124731064 -0.02963959611952305 5.587935447692871e-09 -0.06436088681221008 0.9978976845741272 0.007610888686031103 1.3096387386322021 0.030068637803196907 -0.005684026051312685 0.999531626701355 6.367044989019632e-07 0.0 0.0 0.0 1.0  </matrix>
											<node id="id-bone-91" sid="id-skelbones-2-88" name="Hand.R" type="JOINT">
												<matrix sid="transform"> 0.9987366199493408 -0.04085072502493858 0.029264196753501892 -3.725290298461914e-08 0.04048941656947136 0.9990975856781006 0.012834683060646057 1.4985960721969604 -0.02976210042834282 -0.01163357961922884 0.9994891285896301 -3.5390257835388184e-07 0.0 0.0 0.0 1.0  </matrix>
											</node>
										</node>
									</node>
									<node id="id-bone-92" sid="id-skelbones-2-89" name="IK_UpperArm.R" type="JOINT">
										<matrix sid="transform"> 1.0000001192092896 4.37012204201892e-10 1.3536940969061106e-05 1.6298145055770874e-09 -2.0600054995156825e-10 1.000000238418579 -2.056026460195426e-09 8.638016879558563e-08 -1.3536955520976335e-05 1.2511804925452452e-09 1.0000001192092896 5.433503247331828e-07 0.0 0.0 0.0 1.0  </matrix>
										<node id="id-bone-93" sid="id-skelbones-2-90" name="IK_ForeArm.R" type="JOINT">
											<matrix sid="transform"> 0.9974735379219055 0.06455960124731064 -0.02963959611952305 5.587935447692871e-09 -0.06436088681221008 0.9978976845741272 0.007610888686031103 1.3096387386322021 0.030068637803196907 -0.005684026051312685 0.999531626701355 6.367044989019632e-07 0.0 0.0 0.0 1.0  </matrix>
											<node id="id-bone-94" sid="id-skelbones-2-91" name="FIX_ForeArm.R" type="JOINT">
												<matrix sid="transform"> 0.9974740147590637 -0.06436055898666382 0.030055122449994087 -2.905726432800293e-07 0.064559206366539 0.9978976845741272 -0.005685632117092609 -6.030313670635223e-07 -0.02962600626051426 0.007611600216478109 0.9995318651199341 4.237517714500427e-08 0.0 0.0 0.0 1.0  </matrix>
											</node>
										</node>
										<node id="id-bone-95" sid="id-skelbones-2-92" name="DIR_Elbow.R" type="JOINT">
											<matrix sid="transform"> -0.024134932085871696 -0.9997090101242065 -0.0003981648478657007 5.587935447692871e-09 -0.9995371103286743 0.02413817122578621 -0.01852894388139248 1.3096387386322021 0.018533160910010338 -4.9214326281799003e-05 -0.9998282194137573 6.367044989019632e-07 0.0 0.0 0.0 1.0  </matrix>
										</node>
									</node>
									<node id="id-bone-96" sid="id-skelbones-2-93" name="ArmTwist.R" type="JOINT">
										<matrix sid="transform"> 0.9990402460098267 0.034469831734895706 -0.027029823511838913 1.6298145055770874e-09 -0.0343749038875103 0.999401330947876 0.003968982025980949 8.638016879558563e-08 0.027150442823767662 -0.0030360231176018715 0.999626874923706 5.433503247331828e-07 0.0 0.0 0.0 1.0  </matrix>
										<node id="id-bone-97" sid="id-skelbones-2-94" name="Elbow.R" type="JOINT">
											<matrix sid="transform"> 0.01075075101107359 -0.9995799660682678 -0.026920136064291 -2.044178009033203 -0.9998266100883484 -0.01033606007695198 -0.015496543608605862 1.2881824970245361 0.015211790800094604 0.027082063257694244 -0.9995176196098328 0.05936114862561226 0.0 0.0 0.0 1.0  </matrix>
										</node>
									</node>
									<node id="id-bone-98" sid="id-skelbones-2-95" name="BD_UpperArm.R" type="JOINT">
										<matrix sid="transform"> 1.0000001192092896 4.37012204201892e-10 1.3536940969061106e-05 1.6298145055770874e-09 -2.0600054995156825e-10 1.000000238418579 -2.056026460195426e-09 8.638016879558563e-08 -1.3536955520976335e-05 1.2511804925452452e-09 1.0000001192092896 5.433503247331828e-07 0.0 0.0 0.0 1.0  </matrix>
										<node id="id-bone-99" sid="id-skelbones-2-96" name="DEF_Hand.R" type="JOINT">
